7016    6113    1769    6113    6350    1314    3083
7016    6281    1389    6281    6350    1724    3113
7016    6012    1656    6012    6350    1512    3168
7016    6085    2592    6085    6350    670     3262
7016    6073    2288    6073    6350    1054    3342
7016    6011    2238    6011    6350    1216    3454
7016    6145    1708    6145    6350    1758    3466
7016    6116    1971    6116    6350    1507    3478
7016    6387    1188    6387    6350    2297    3485
7016    6346    1434    6346    6350    2092    3526
7016    6729    2281    6729    6350    1267    3548
7016    6022    1311    6022    6350    2250    3561
7016    7079    2844    7079    6350    739     3583
7016    6067    2470    6067    6350    1131    3601
7016    6140    1684    6140    6350    2022    3706
7016    6180    2150    6180    6350    1605    3755
7016    6118    1762    6118    6350    1999    3761
7016    6184    2045    6184    6350    1755    3800
7016    6407    3310    6407    6350    500     3810
7016    6032    2650    6032    6350    1164    3814
7016    6386    1668    6386    6350    2150    3818
7016    6902    2247    6902    6350    1577    3824
7016    6117    1716    6117    6350    2113    3829
7016    7020    1531    7020    6350    2311    3842
7016    6413    2388    6413    6350    1454    3842
7016    6391    1398    6391    6350    2454    3852
7016    6178    1839    6178    6350    2022    3861
7016    6096    3373    6096    6350    504     3877
7016    6141    1620    6141    6350    2274    3894
7016    6131    1665    6131    6350    2243    3908
7016    6120    2383    6120    6350    1530    3913
7016    6701    1113    6701    6350    2803    3916
7016    6166    1757    6166    6350    2191    3948
7016    6147    1916    6147    6350    2046    3962
7016    6009    2531    6009    6350    1468    3999
7016    6393    1790    6393    6350    2237    4027
7016    7073    2445    7073    6350    1584    4029
7016    6307    2648    6307    6350    1392    4040
7016    6112    2222    6112    6350    1862    4084
7016    6105    2221    6105    6350    1863    4084
7016    7019    1781    7019    6350    2304    4085
7016    6143    2050    6143    6350    2045    4095
7016    6060    3273    6060    6350    838     4111
7016    6901    2690    6901    6350    1478    4168
7016    6122    2394    6122    6350    1786    4180
7016    6114    2230    6114    6350    1994    4224
7016    7026    2489    7026    6350    1769    4258
7016    6107    3494    6107    6350    780     4274
7016    6435    3244    6435    6350    1041    4285
7016    7018    1810    7018    6350    2486    4296
7016    6372    2044    6372    6350    2288    4332
7016    6396    1369    6396    6350    2971    4340
7016    6078    2962    6078    6350    1385    4347
7016    6110    2343    6110    6350    2202    4545
7016    6261    1484    6261    6350    3071    4555
7016    6199    2841    6199    6350    1751    4592
7016    6235    3009    6235    6350    1584    4593
7016    6923    1864    6923    6350    2770    4634
7016    6750    1825    6750    6350    2811    4636
7016    6223    2971    6223    6350    1702    4673
7016    6008    3329    6008    6350    1395    4724
7016    6336    2234    6336    6350    2958    5192
7016    6111    3395    6111    6350    1813    5208